464
1
1
C:\Documents and Settings\MrBudGood\My Documents\[Programs]\MacroByte\Editor\Examples
9
2
Left, Mid, Right
2
Enter something: 
2
Enter position: 
2
Enter length: 
2
Left: 
1
34
2
Mid: 
2
Right: 
2
Done.
1
<main>
0
0
3
2
1
1
0
132
1
20
3
1
3
1
2
9
1
3
4
1
1
2
2
1
1
18
1
22
1
22
1
22
3
1
3
2
2
9
1
3
4
1
1
2
2
1
1
18
3
19
4
1
3
1
3
3
2
9
1
3
4
1
1
2
2
1
1
18
3
19
4
2
3
1
3
4
2
9
1
3
4
1
1
2
2
1
1
18
3
19
4
3
1
22
3
1
3
5
3
1
3
6
2
9
1
3
4
1
1
2
2
1
1
44
3
1
2
1
2
5
1
3
1
4
3
2
9
1
3
4
1
1
2
2
1
3
1
4
1
2
9
1
3
4
1
1
2
2
1
1
54
3
1
2
1
2
5
1
3
1
3
6
2
9
1
3
4
1
1
2
2
1
1
44
3
1
2
1
2
5
1
5
9
4
1
1
1
3
4
1
1
2
2
1
1
18
1
22
3
1
3
7
3
1
3
6
2
9
1
3
4
1
1
2
2
1
1
44
3
1
2
1
2
5
1
3
1
4
3
2
9
1
3
4
1
1
2
2
1
3
1
4
2
2
9
1
3
4
1
1
2
2
1
3
1
4
1
2
9
1
3
4
1
1
2
2
1
1
55
3
1
2
1
2
5
1
3
1
3
6
2
9
1
3
4
1
1
2
2
1
1
44
3
1
2
1
2
5
1
5
9
4
1
1
1
3
4
1
1
2
2
1
1
18
1
22
3
1
3
8
3
1
3
6
2
9
1
3
4
1
1
2
2
1
1
44
3
1
2
1
2
5
1
3
1
4
3
2
9
1
3
4
1
1
2
2
1
3
1
4
1
2
9
1
3
4
1
1
2
2
1
1
56
3
1
2
1
2
5
1
3
1
3
6
2
9
1
3
4
1
1
2
2
1
1
44
3
1
2
1
2
5
1
5
9
4
1
1
1
3
4
1
1
2
2
1
1
18
1
22
1
22
3
1
3
9
2
9
1
3
4
1
1
2
2
1
1
18
1
22
