571
1
C:\Documents and Settings\MrBudGood\My Documents\[Programs]\MacroByte\Editor\Examples
11
-2
Enter first: 
-1
1
-2
Enter second: 
-1
2
-2
Enter third: 
-1
3
-2
Enter forth: 
-1
4
-2
Enter fifth: 
-1
5
-2
End
0
1
<main>
0
0
0
1
-2
2
3
5
159
1
20
3
1
3
1
2
9
1
3
4
1
1
2
2
1
1
18
1
19
3
1
3
2
2
9
1
3
13
1
1
2
2
1
3
1
3
2
2
9
1
3
13
1
1
3
2
1
-2
5
7
5
1
2
1
2
5
1
3
1
3
3
2
9
1
3
4
1
1
2
2
1
1
18
1
19
3
1
3
4
2
9
1
3
13
1
1
2
2
1
3
1
3
2
2
9
1
3
13
1
1
3
2
1
-2
5
7
5
1
2
1
2
5
1
3
1
3
5
2
9
1
3
4
1
1
2
2
1
1
18
1
19
3
1
3
6
2
9
1
3
13
1
1
2
2
1
3
1
3
2
2
9
1
3
13
1
1
3
2
1
-2
5
7
5
1
2
1
2
5
1
3
1
3
7
2
9
1
3
4
1
1
2
2
1
1
18
1
19
3
1
3
8
2
9
1
3
13
1
1
2
2
1
3
1
3
2
2
9
1
3
13
1
1
3
2
1
-2
5
7
5
1
2
1
2
5
1
3
1
3
9
2
9
1
3
4
1
1
2
2
1
1
18
1
19
3
1
3
10
2
9
1
3
13
1
1
2
2
1
3
1
3
2
2
9
1
3
13
1
1
3
2
1
-2
5
7
5
1
2
1
2
5
1
1
22
3
1
3
2
2
9
1
3
13
1
1
2
2
1
3
1
3
2
2
9
1
3
13
1
1
2
2
1
3
1
5
1
2
9
1
3
4
1
1
2
2
1
1
18
1
22
3
1
3
4
2
9
1
3
13
1
1
2
2
1
3
1
3
6
2
9
1
3
13
1
1
2
2
1
3
1
5
1
2
9
1
3
4
1
1
2
2
1
1
18
1
22
3
1
3
6
2
9
1
3
13
1
1
2
2
1
3
1
3
2
2
9
1
3
13
1
1
2
2
1
3
1
5
1
2
9
1
3
4
1
1
2
2
1
1
18
1
22
3
1
3
8
2
9
1
3
13
1
1
2
2
1
3
1
3
2
2
9
1
3
13
1
1
2
2
1
3
1
5
1
2
9
1
3
4
1
1
2
2
1
1
18
1
22
3
1
3
10
2
9
1
3
13
1
1
2
2
1
3
1
3
2
2
9
1
3
13
1
1
2
2
1
3
1
5
1
2
9
1
3
4
1
1
2
2
1
1
18
1
22
1
22
3
1
3
11
2
9
1
3
4
1
1
2
2
1
1
18
1
22
